0 0.5642857548076923 0.4892857163461538 0.5682409447115385 0.45556754086538465 0.5575365072115385 0.42162885576923076 0.5450480192307693 0.45020875000000005 0.5450480192307693 0.4698574879807692 0.5642857548076923 0.4892857163461538
0 0.6446428990384615 0.4357142884615385 0.6556607716346154 0.4198426370192308 0.6485245024038462 0.3769727259615384 0.6360359471153847 0.36982771875 0.6306837283653847 0.4055526225961538 0.6306837283653847 0.4323462980769231 0.6446428990384615 0.4357142884615385
0 0.6574448894230769 0.3644689975961538 0.6788537668269231 0.3573240552884615 0.6735015480769231 0.3055229206730769 0.6574448894230769 0.32338537259615385 0.6520926033653847 0.3430340408653846 0.6574448894230769 0.3644689975961538
0 0.7116071850961538 0.29955357451923076 0.7091830985576923 0.27694302403846155 0.6824219350961538 0.29659169471153846 0.6752856658653846 0.32874409375 0.7056149302884616 0.33767531971153847 0.7109672163461538 0.326957875 0.7116071850961538 0.29955357451923076
0 0.3031250408653846 0.45357143028846153 0.32917452884615384 0.4323462980769231 0.3220383269230769 0.3859039519230769 0.29349297596153845 0.40912512500000003 0.3031250408653846 0.45357143028846153
0 0.29419646875 0.36205357451923076 0.30062931490384615 0.32874409375 0.29170892548076927 0.3037367019230769 0.2738681514423077 0.32874409375 0.29419646875 0.36205357451923076
0 0.3031250408653846 0.2928571442307692 0.31847008894230766 0.28944668509615384 0.3095497019230769 0.24657684375000002 0.3031250408653846 0.2928571442307692
0 0.3522321850961539 0.40000000240384614 0.3702083653846154 0.40019389903846153 0.3630720288461538 0.31624036298076924 0.37556065384615384 0.3019504158653846 0.3844810408653846 0.2626530096153846 0.36842431490384614 0.26979801682692306 0.3595039278846154 0.29659169471153846 0.3416631514423077 0.31088164182692307 0.33987910096153845 0.3644689975961538 0.3522321850961539 0.40000000240384614
0 0.41026789903846156 0.47142857451923076 0.4201625913461538 0.45378125240384615 0.42194664182692304 0.4377050889423077 0.4130262524038461 0.3966213942307692 0.39875357932692307 0.4180563509615384 0.39875357932692307 0.45020875000000005 0.41026789903846156 0.47142857451923076
0 0.5334087307692308 0.3341028149038462 0.5066475697115385 0.23056696875 0.4870226754807692 0.27515673798076923 0.5057982307692307 0.32338537259615385 0.5057982307692307 0.33053037980769234 0.50936646875 0.38769017067307693 0.5111505192307693 0.43413258413461536 0.539695733173077 0.4305600817307692 0.549465389423077 0.3466065456730769 0.5334087307692308 0.3341028149038462
0 0.5690902836538462 0.2787956009615385 0.572658451923077 0.23413947115384615 0.5423291177884615 0.23235325480769228 0.5476813365384615 0.2555744278846154 0.5548176754807692 0.28058181971153845 0.5690902836538462 0.2787956009615385
0 0.6565100408653847 0.2770093822115384 0.6493737716346154 0.23949819471153846 0.6190444399038462 0.25914693028846153 0.6065558822115384 0.29308554807692305 0.6190444399038462 0.3305967379807692 0.6404533846153846 0.3377416754807693 0.6404533846153846 0.3180930072115385 0.6261807764423076 0.2859406105769231 0.6565100408653847 0.2770093822115384
0 0.6101240504807692 0.3966877524038462 0.6119081033653846 0.37525286538461533 0.5994196129807693 0.31630672115384617 0.5851469399038461 0.34488668509615383 0.5887151081730769 0.3806115865384615 0.6101240504807692 0.3966877524038462
0 0.48880679326923077 0.3038030600961539 0.4691818990384615 0.3234517307692307 0.47631823557692304 0.34845918990384617 0.47168848076923076 0.3558206514423077 0.4959430625 0.34310039903846157 0.48880679326923077 0.3038030600961539
0 0.43504468509615385 0.4111607163461538 0.4673978485576923 0.41276412259615386 0.45312524278846156 0.35381791105769234 0.43504468509615385 0.4111607163461538
0 0.4182668894230769 0.3180399230769231 0.41922774278846153 0.2895130432692308 0.4004261129807692 0.29481874759615384 0.4004261129807692 0.30910869471153846 0.4182668894230769 0.3180399230769231